0002020202020200
0002020202020000
0004010202000000
0004040080000000
0001104000000000
0000821040000000
0000410410400000
0000104104104000
0000040404040400
0000020202020200
0000040102020000
0000040400800000
0000011040000000
0000008210400000
0000004104104000
0000002082082000		
0004000808080800
0002000404040400
0001000202020200
0000800802004000
0000800400A00000
0000200100884000
0000400082082000
0000200041041000		
0002080010101000
0001040008080800
0000208004010400
0000404004010200
0000840000802000
0000404002011000
0000808001041000
0000404000820800		
0001041000202000
0000820800101000
0000104400080800
0000020080080080
0000404040040100
0000808100020100
0001010100020800
0000808080010400		
0000820820004000
0000410410002000
0000082088001000
0000002011000800
0000080100400400
0001010101000200
0002020202000400
0001010101000200
0000410410400000
0000208208200000
0000002084100000
0000000020880000
0000001002020000
0000040408020000
0004040404040000
0002020202020000
0000104104104000
0000002082082000
0000000020841000
0000000000208800
0000000010020200
0000000404080200
0000040404040400
0002020202020200