0040201008040200
0000402010080400
0000004020100a00
0000000040221400
0000000002442800
0000000204085000
0000020408102000
0002040810204000
0020100804020000
0040201008040000
00004020100a0000
0000004022140000
0000000244280000
0000020408500000
0002040810200000
0004081020400000
0010080402000200
0020100804000400
004020100a000a00
0000402214001400
0000024428002800
0002040850005000
0004081020002000
0008102040004000
0008040200020400
0010080400040800
0020100a000a1000
0040221400142200
0002442800284400
0004085000500800
0008102000201000
0010204000402000
0004020002040800
0008040004081000
00100a000a102000
0022140014224000
0044280028440200
0008500050080400
0010200020100800
0020400040201000
0002000204081000
0004000408102000
000a000a10204000
0014001422400000
0028002844020000
0050005008040200
0020002010080400
0040004020100800
0000020408102000
0000040810204000
00000a1020400000
0000142240000000
0000284402000000
0000500804020000
0000201008040200
0000402010080400
0002040810204000
0004081020400000
000a102040000000
0014224000000000
0028440200000000
0050080402000000
0020100804020000
0040201008040200