9241421688590303744
512
262656
512
134480384
512
262656
512
68853957120
512
262656
512
134480384
512
262656
512
35253226045952
512
262656
512
134480384
512
262656
512
68853957120
512
262656
512
134480384
512
262656
512
18049651735527936
512
262656
512
134480384
512
262656
512
68853957120
512
262656
512
134480384
512
262656
512
35253226045952
512
262656
512
134480384
512
262656
512
68853957120
512
262656
512
134480384
512
262656
512
36099303471056128
1280
525568
1280
268961024
1280
525568
1280
137707914496
1280
525568
1280
268961024
1280
525568
1280
70506452092160
1280
525568
1280
268961024
1280
525568
1280
137707914496
1280
525568
1280
268961024
1280
525568
1280
141012904249856
141012904184320
1116672
1051136
68096
2560
68096
2560
537987584
537922048
1116672
1051136
68096
2560
68096
2560
275415894528
275415828992
1116672
1051136
68096
2560
68096
2560
537987584
537922048
1116672
1051136
68096
2560
68096
2560
550848566272
550831789056
550831657984
550831657984
1092752384
1075975168
1075844096
1075844096
16913408
136192
5120
5120
16913408
136192
5120
5120
19010560
2233344
2102272
2102272
19010560
2233344
2102272
2102272
16913408
136192
5120
5120
16913408
136192
5120
5120
6480472064
2151688192
4332988416
4204544
4328794112
10240
4328794112
10240
2151950336
2151688192
4466688
4204544
272384
10240
272384
10240
2185504768
2151688192
38021120
4204544
33826816
10240
33826816
10240
2151950336
2151688192
4466688
4204544
272384
10240
272384
10240
1108177604608
8409088
8933376
8409088
1108169216000
20480
544768
20480
76042240
8409088
8933376
8409088
67653632
20480
544768
20480
8665976832
8409088
8933376
8409088
8657588224
20480
544768
20480
76042240
8409088
8933376
8409088
67653632
20480
544768
20480
283691315142656
40960
1089536
40960
135307264
40960
1089536
40960
17315176448
40960
1089536
40960
135307264
40960
1089536
40960
2216338432000
40960
1089536
40960
135307264
40960
1089536
40960
17315176448
40960
1089536
40960
135307264
40960
1089536
40960
72624976668147712
16384
2113536
16384
270548992
16384
2113536
16384
34630287360
16384
2113536
16384
270548992
16384
2113536
16384
4432676798464
16384
2113536
16384
270548992
16384
2113536
16384
34630287360
16384
2113536
16384
270548992
16384
2113536
16384
567382630219776
16384
2113536
16384
270548992
16384
2113536
16384
34630287360
16384
2113536
16384
270548992
16384
2113536
16384
4432676798464
16384
2113536
16384
270548992
16384
2113536
16384
34630287360
16384
2113536
16384
270548992
16384
2113536
16384
4620710844295151618
131074
67239938
131074
34426978306
131074
67239938
131074
17626613022722
131074
67239938
131074
34426978306
131074
67239938
131074
9024825867763714
131074
67239938
131074
34426978306
131074
67239938
131074
17626613022722
131074
67239938
131074
34426978306
131074
67239938
131074
9241421688590368773
327685
134545413
327685
68854022149
327685
134545413
327685
35253226110981
327685
134545413
327685
68854022149
327685
134545413
327685
18049651735592965
327685
134545413
327685
68854022149
327685
134545413
327685
35253226110981
327685
134545413
327685
68854022149
327685
134545413
327685
36099303487963146
36099303471185930
285868042
269090826
17432586
655370
17432586
655370
137724821514
137708044298
285868042
269090826
17432586
655370
17432586
655370
70506468999178
70506452221962
285868042
269090826
17432586
655370
17432586
655370
137724821514
137708044298
285868042
269090826
17432586
655370
17432586
655370
141017232965652
141012937998356
141012904443924
141012904443924
279744610324
275449643028
275416088596
275416088596
4329832468
34865172
1310740
1310740
4329832468
34865172
1310740
1310740
4866703380
571736084
538181652
538181652
4866703380
571736084
538181652
538181652
4329832468
34865172
1310740
1310740
4329832468
34865172
1310740
1310740
1659000848424
550832177192
1109245034536
1076363304
1108171292712
2621480
1108171292712
2621480
550899286056
550832177192
1143472168
1076363304
69730344
2621480
69730344
2621480
559489220648
550832177192
9733406760
1076363304
8659664936
2621480
8659664936
2621480
550899286056
550832177192
1143472168
1076363304
69730344
2621480
69730344
2621480
283693466779728
2152726608
2286944336
2152726608
283691319296080
5242960
139460688
5242960
19466813520
2152726608
2286944336
2152726608
17319329872
5242960
139460688
5242960
2218490069072
2152726608
2286944336
2152726608
2216342585424
5242960
139460688
5242960
19466813520
2152726608
2286944336
2152726608
17319329872
5242960
139460688
5242960
72624976676520096
10485920
278921376
10485920
34638659744
10485920
278921376
10485920
4432685170848
10485920
278921376
10485920
34638659744
10485920
278921376
10485920
567382638592160
10485920
278921376
10485920
34638659744
10485920
278921376
10485920
4432685170848
10485920
278921376
10485920
34638659744
10485920
278921376
10485920
145249953336262720
4194368
541065280
4194368
69260542016
4194368
541065280
4194368
8865353564224
4194368
541065280
4194368
69260542016
4194368
541065280
4194368
1134765260406848
4194368
541065280
4194368
69260542016
4194368
541065280
4194368
8865353564224
4194368
541065280
4194368
69260542016
4194368
541065280
4194368
2310355422147510788
2310355422147510784
33554948
33554944
17213424132
17213424128
33554948
33554944
8813306446340
8813306446336
33554948
33554944
17213424132
17213424128
33554948
33554944
4512412933816836
4512412933816832
33554948
33554944
17213424132
17213424128
33554948
33554944
8813306446340
8813306446336
33554948
33554944
17213424132
17213424128
33554948
33554944
4620710844311799048
4620710844311799040
83887368
83887360
34443625736
34443625728
83887368
83887360
17626629670152
17626629670144
83887368
83887360
34443625736
34443625728
83887368
83887360
9024825884411144
9024825884411136
83887368
83887360
34443625736
34443625728
83887368
83887360
17626629670152
17626629670144
83887368
83887360
34443625736
34443625728
83887368
83887360
9241421692918565393
9241421692918565392
9241421688623598097
9241421688623598096
9241421692918565377
9241421692918565376
9241421688623598081
9241421688623598080
4462742033
4462742032
167774737
167774736
4462742017
4462742016
167774721
167774720
73182218769
73182218768
68887251473
68887251472
73182218753
73182218752
68887251457
68887251456
4462742033
4462742032
167774737
167774736
4462742017
4462742016
167774721
167774720
35257554307601
35257554307600
35253259340305
35253259340304
35257554307585
35257554307584
35253259340289
35253259340288
4462742033
4462742032
167774737
167774736
4462742017
4462742016
167774721
167774720
73182218769
73182218768
68887251473
68887251472
73182218753
73182218752
68887251457
68887251456
4462742033
4462742032
167774737
167774736
4462742017
4462742016
167774721
167774720
18049656063789585
18049656063789584
18049651768822289
18049651768822288
18049656063789569
18049656063789568
18049651768822273
18049651768822272
4462742033
4462742032
167774737
167774736
4462742017
4462742016
167774721
167774720
73182218769
73182218768
68887251473
68887251472
73182218753
73182218752
68887251457
68887251456
4462742033
4462742032
167774737
167774736
4462742017
4462742016
167774721
167774720
35257554307601
35257554307600
35253259340305
35253259340304
35257554307585
35257554307584
35253259340289
35253259340288
4462742033
4462742032
167774737
167774736
4462742017
4462742016
167774721
167774720
73182218769
73182218768
68887251473
68887251472
73182218753
73182218752
68887251457
68887251456
4462742033
4462742032
167774737
167774736
4462742017
4462742016
167774721
167774720
36100411639206946
36100411639206944
36099312127579170
36099312127579168
36100411639206914
36100411639206912
36099312127579138
36099312127579136
71614620242978
71614620242976
70515108615202
70515108615200
71614620242946
71614620242944
70515108615170
70515108615168
36099303537644578
36099303537644576
36099303537644578
36099303537644576
36099303537644546
36099303537644544
36099303537644546
36099303537644544
70506518680610
70506518680608
70506518680610
70506518680608
70506518680578
70506518680576
70506518680578
70506518680576
1245876065314
1245876065312
146364437538
146364437536
1245876065282
1245876065280
146364437506
146364437504
1245876065314
1245876065312
146364437538
146364437536
1245876065282
1245876065280
146364437506
146364437504
137774502946
137774502944
137774502946
137774502944
137774502914
137774502912
137774502914
137774502912
137774502946
137774502944
137774502946
137774502944
137774502914
137774502912
137774502914
137774502912
1108437111842
1108437111840
8925484066
8925484064
1108437111810
1108437111808
8925484034
8925484032
1108437111842
1108437111840
8925484066
8925484064
1108437111810
1108437111808
8925484034
8925484032
335549474
335549472
335549474
335549472
335549442
335549440
335549442
335549440
335549474
335549472
335549474
335549472
335549442
335549440
335549442
335549440
1108437111842
1108437111840
8925484066
8925484064
1108437111810
1108437111808
8925484034
8925484032
1108437111842
1108437111840
8925484066
8925484064
1108437111810
1108437111808
8925484034
8925484032
335549474
335549472
335549474
335549472
335549442
335549440
335549442
335549440
335549474
335549472
335549474
335549472
335549442
335549440
335549442
335549440
424704217196612
141030217230404
424704217196608
141030217230400
671098948
671098948
671098944
671098944
424704217196548
141030217230340
424704217196544
141030217230336
671098884
671098884
671098880
671098880
141013037361220
141013037361220
141013037361216
141013037361216
283966728841284
292728875076
283966728841280
292728875072
141013037361156
141013037361156
141013037361152
141013037361152
283966728841220
292728875012
283966728841216
292728875008
143229240485956
141030217230404
143229240485952
141030217230400
275549005892
275549005892
275549005888
275549005888
143229240485892
141030217230340
143229240485888
141030217230336
275549005828
275549005828
275549005824
275549005824
141013037361220
141013037361220
141013037361216
141013037361216
2491752130628
292728875076
2491752130624
292728875072
141013037361156
141013037361156
141013037361152
141013037361152
2491752130564
292728875012
2491752130560
292728875008
283691850934340
17850968132
283691850934336
17850968128
275549005892
275549005892
275549005888
275549005888
283691850934276
17850968068
283691850934272
17850968064
275549005828
275549005828
275549005824
275549005824
671098948
671098948
671098944
671098944
283691850934340
17850968132
283691850934336
17850968128
671098884
671098884
671098880
671098880
283691850934276
17850968068
283691850934272
17850968064
2216874223684
17850968132
2216874223680
17850968128
671098948
671098948
671098944
671098944
2216874223620
17850968068
2216874223616
17850968064
671098884
671098884
671098880
671098880
671098948
671098948
671098944
671098944
2216874223684
17850968132
2216874223680
17850968128
671098884
671098884
671098880
671098880
2216874223620
17850968068
2216874223616
17850968064
72625527495610504
72625527495610496
585457750152
585457750144
72625527495610376
72625527495610368
585457750024
585457750016
551098011784
551098011776
551098011784
551098011776
551098011656
551098011648
551098011656
551098011648
4983504261256
4983504261248
585457750152
585457750144
4983504261128
4983504261120
585457750024
585457750016
551098011784
551098011776
551098011784
551098011776
551098011656
551098011648
551098011656
551098011648
72624977739796616
72624977739796608
35701936264
35701936256
72624977739796488
72624977739796480
35701936136
35701936128
1342197896
1342197888
1342197896
1342197888
1342197768
1342197760
1342197768
1342197760
4433748447368
4433748447360
35701936264
35701936256
4433748447240
4433748447232
35701936136
35701936128
1342197896
1342197888
1342197896
1342197888
1342197768
1342197760
1342197768
1342197760
567933457682568
567933457682560
585457750152
585457750144
567933457682440
567933457682432
585457750024
585457750016
551098011784
551098011776
551098011784
551098011776
551098011656
551098011648
551098011656
551098011648
4983504261256
4983504261248
585457750152
585457750144
4983504261128
4983504261120
585457750024
585457750016
551098011784
551098011776
551098011784
551098011776
551098011656
551098011648
551098011656
551098011648
567383701868680
567383701868672
35701936264
35701936256
567383701868552
567383701868544
35701936136
35701936128
1342197896
1342197888
1342197896
1342197888
1342197768
1342197760
1342197768
1342197760
4433748447368
4433748447360
35701936264
35701936256
4433748447240
4433748447232
35701936136
35701936128
1342197896
1342197888
1342197896
1342197888
1342197768
1342197760
1342197768
1342197760
145249955479592976
145249955479592960
2684395536
2684395520
71403872272
71403872256
2684395536
2684395520
8867496894480
8867496894464
2684395536
2684395520
71403872272
71403872256
2684395536
2684395520
1134767403737104
1134767403737088
2684395536
2684395520
71403872272
71403872256
2684395536
2684395520
8867496894480
8867496894464
2684395536
2684395520
71403872272
71403872256
2684395536
2684395520
290499906664153120
290499906664153088
1073758240
1073758208
138512711712
138512711680
1073758240
1073758208
17730698756128
17730698756096
1073758240
1073758208
138512711712
138512711680
1073758240
1073758208
2269530512441376
2269530512441344
1073758240
1073758208
138512711712
138512711680
1073758240
1073758208
17730698756128
17730698756096
1073758240
1073758208
138512711712
138512711680
1073758240
1073758208
1155177711057110024
1155177711057110016
1155177711057108992
1155177711057108992
8590066696
8590066688
8590065664
8590065664
4406636577800
4406636577792
4406636576768
4406636576768
8590066696
8590066688
8590065664
8590065664
2256206450263048
2256206450263040
2256206450262016
2256206450262016
8590066696
8590066688
8590065664
8590065664
4406636577800
4406636577792
4406636576768
4406636576768
8590066696
8590066688
8590065664
8590065664
2310355426409252880
2310355426409252864
2310355426409250816
2310355426409250816
21475166224
21475166208
21475164160
21475164160
8817568188432
8817568188416
8817568186368
8817568186368
21475166224
21475166208
21475164160
21475164160
4512417195558928
4512417195558912
4512417195556864
4512417195556864
21475166224
21475166208
21475164160
21475164160
8817568188432
8817568188416
8817568186368
8817568186368
21475166224
21475166208
21475164160
21475164160
4620711952330133792
4620711952330133760
4620711952330129664
4620711952330129664
4620710852818506016
4620710852818505984
4620710852818501888
4620710852818501888
18734648004896
18734648004864
18734648000768
18734648000768
17635136377120
17635136377088
17635136372992
17635136372992
1142461960480
1142461960448
1142461956352
1142461956352
42950332704
42950332672
42950328576
42950328576
1142461960480
1142461960448
1142461956352
1142461956352
42950332704
42950332672
42950328576
42950328576
4620711952330133536
4620711952330133504
4620711952330129408
4620711952330129408
4620710852818505760
4620710852818505728
4620710852818501632
4620710852818501632
18734648004640
18734648004608
18734648000512
18734648000512
17635136376864
17635136376832
17635136372736
17635136372736
1142461960224
1142461960192
1142461956096
1142461956096
42950332448
42950332416
42950328320
42950328320
1142461960224
1142461960192
1142461956096
1142461956096
42950332448
42950332416
42950328320
42950328320
9025933902745888
9025933902745856
9025933902741760
9025933902741760
9024834391118112
9024834391118080
9024834391113984
9024834391113984
18734648004896
18734648004864
18734648000768
18734648000768
17635136377120
17635136377088
17635136372992
17635136372992
1142461960480
1142461960448
1142461956352
1142461956352
42950332704
42950332672
42950328576
42950328576
1142461960480
1142461960448
1142461956352
1142461956352
42950332704
42950332672
42950328576
42950328576
9025933902745632
9025933902745600
9025933902741504
9025933902741504
9024834391117856
9024834391117824
9024834391113728
9024834391113728
18734648004640
18734648004608
18734648000512
18734648000512
17635136376864
17635136376832
17635136372736
17635136372736
1142461960224
1142461960192
1142461956096
1142461956096
42950332448
42950332416
42950328320
42950328320
1142461960224
1142461960192
1142461956096
1142461956096
42950332448
42950332416
42950328320
42950328320
9241705379636978241
9241705379636978240
9241705379636977728
9241705379636977728
9241423904660267585
9241423904660267584
9241423904660267072
9241423904660267072
9241705379636969985
9241705379636969984
9241705379636969472
9241705379636969472
9241423904660259329
9241423904660259328
9241423904660258816
9241423904660258816
9241705379636978177
9241705379636978176
9241705379636977664
9241705379636977664
9241423904660267521
9241423904660267520
9241423904660267008
9241423904660267008
9241705379636969985
9241705379636969984
9241705379636969472
9241705379636969472
9241423904660259329
9241423904660259328
9241423904660258816
9241423904660258816
9241421705637012033
9241421705637012032
9241421705637011520
9241421705637011520
9241421705637012033
9241421705637012032
9241421705637011520
9241421705637011520
9241421705637003777
9241421705637003776
9241421705637003264
9241421705637003264
9241421705637003777
9241421705637003776
9241421705637003264
9241421705637003264
9241421705637011969
9241421705637011968
9241421705637011456
9241421705637011456
9241421705637011969
9241421705637011968
9241421705637011456
9241421705637011456
9241421705637003777
9241421705637003776
9241421705637003264
9241421705637003264
9241421705637003777
9241421705637003776
9241421705637003264
9241421705637003264
318944272720449
318944272720448
318944272719936
318944272719936
37469296009793
37469296009792
37469296009280
37469296009280
318944272712193
318944272712192
318944272711680
318944272711680
37469296001537
37469296001536
37469296001024
37469296001024
318944272720385
318944272720384
318944272719872
318944272719872
37469296009729
37469296009728
37469296009216
37469296009216
318944272712193
318944272712192
318944272711680
318944272711680
37469296001537
37469296001536
37469296001024
37469296001024
35270272754241
35270272754240
35270272753728
35270272753728
35270272754241
35270272754240
35270272753728
35270272753728
35270272745985
35270272745984
35270272745472
35270272745472
35270272745985
35270272745984
35270272745472
35270272745472
35270272754177
35270272754176
35270272753664
35270272753664
35270272754177
35270272754176
35270272753664
35270272753664
35270272745985
35270272745984
35270272745472
35270272745472
35270272745985
35270272745984
35270272745472
35270272745472
283759900631617
283759900631616
283759900631104
283759900631104
2284923920961
2284923920960
2284923920448
2284923920448
283759900623361
283759900623360
283759900622848
283759900622848
2284923912705
2284923912704
2284923912192
2284923912192
283759900631553
283759900631552
283759900631040
283759900631040
2284923920897
2284923920896
2284923920384
2284923920384
283759900623361
283759900623360
283759900622848
283759900622848
2284923912705
2284923912704
2284923912192
2284923912192
85900665409
85900665408
85900664896
85900664896
85900665409
85900665408
85900664896
85900664896
85900657153
85900657152
85900656640
85900656640
85900657153
85900657152
85900656640
85900656640
85900665345
85900665344
85900664832
85900664832
85900665345
85900665344
85900664832
85900664832
85900657153
85900657152
85900656640
85900656640
85900657153
85900657152
85900656640
85900656640
283759900631617
283759900631616
283759900631104
283759900631104
2284923920961
2284923920960
2284923920448
2284923920448
283759900623361
283759900623360
283759900622848
283759900622848
2284923912705
2284923912704
2284923912192
2284923912192
283759900631553
283759900631552
283759900631040
283759900631040
2284923920897
2284923920896
2284923920384
2284923920384
283759900623361
283759900623360
283759900622848
283759900622848
2284923912705
2284923912704
2284923912192
2284923912192
85900665409
85900665408
85900664896
85900664896
85900665409
85900665408
85900664896
85900664896
85900657153
85900657152
85900656640
85900656640
85900657153
85900657152
85900656640
85900656640
85900665345
85900665344
85900664832
85900664832
85900665345
85900665344
85900664832
85900664832
85900657153
85900657152
85900656640
85900656640
85900657153
85900657152
85900656640
85900656640
18333342782202433
18333342782202432
18333342782201920
18333342782201920
18051867805491777
18051867805491776
18051867805491264
18051867805491264
18333342782194177
18333342782194176
18333342782193664
18333342782193664
18051867805483521
18051867805483520
18051867805483008
18051867805483008
18333342782202369
18333342782202368
18333342782201856
18333342782201856
18051867805491713
18051867805491712
18051867805491200
18051867805491200
18333342782194177
18333342782194176
18333342782193664
18333342782193664
18051867805483521
18051867805483520
18051867805483008
18051867805483008
18049668782236225
18049668782236224
18049668782235712
18049668782235712
18049668782236225
18049668782236224
18049668782235712
18049668782235712
18049668782227969
18049668782227968
18049668782227456
18049668782227456
18049668782227969
18049668782227968
18049668782227456
18049668782227456
18049668782236161
18049668782236160
18049668782235648
18049668782235648
18049668782236161
18049668782236160
18049668782235648
18049668782235648
18049668782227969
18049668782227968
18049668782227456
18049668782227456
18049668782227969
18049668782227968
18049668782227456
18049668782227456
318944272720449
318944272720448
318944272719936
318944272719936
37469296009793
37469296009792
37469296009280
37469296009280
318944272712193
318944272712192
318944272711680
318944272711680
37469296001537
37469296001536
37469296001024
37469296001024
318944272720385
318944272720384
318944272719872
318944272719872
37469296009729
37469296009728
37469296009216
37469296009216
318944272712193
318944272712192
318944272711680
318944272711680
37469296001537
37469296001536
37469296001024
37469296001024
35270272754241
35270272754240
35270272753728
35270272753728
35270272754241
35270272754240
35270272753728
35270272753728
35270272745985
35270272745984
35270272745472
35270272745472
35270272745985
35270272745984
35270272745472
35270272745472
35270272754177
35270272754176
35270272753664
35270272753664
35270272754177
35270272754176
35270272753664
35270272753664
35270272745985
35270272745984
35270272745472
35270272745472
35270272745985
35270272745984
35270272745472
35270272745472
283759900631617
283759900631616
283759900631104
283759900631104
2284923920961
2284923920960
2284923920448
2284923920448
283759900623361
283759900623360
283759900622848
283759900622848
2284923912705
2284923912704
2284923912192
2284923912192
283759900631553
283759900631552
283759900631040
283759900631040
2284923920897
2284923920896
2284923920384
2284923920384
283759900623361
283759900623360
283759900622848
283759900622848
2284923912705
2284923912704
2284923912192
2284923912192
85900665409
85900665408
85900664896
85900664896
85900665409
85900665408
85900664896
85900664896
85900657153
85900657152
85900656640
85900656640
85900657153
85900657152
85900656640
85900656640
85900665345
85900665344
85900664832
85900664832
85900665345
85900665344
85900664832
85900664832
85900657153
85900657152
85900656640
85900656640
85900657153
85900657152
85900656640
85900656640
283759900631617
283759900631616
283759900631104
283759900631104
2284923920961
2284923920960
2284923920448
2284923920448
283759900623361
283759900623360
283759900622848
283759900622848
2284923912705
2284923912704
2284923912192
2284923912192
283759900631553
283759900631552
283759900631040
283759900631040
2284923920897
2284923920896
2284923920384
2284923920384
283759900623361
283759900623360
283759900622848
283759900622848
2284923912705
2284923912704
2284923912192
2284923912192
85900665409
85900665408
85900664896
85900664896
85900665409
85900665408
85900664896
85900664896
85900657153
85900657152
85900656640
85900656640
85900657153
85900657152
85900656640
85900656640
85900665345
85900665344
85900664832
85900664832
85900665345
85900665344
85900664832
85900664832
85900657153
85900657152
85900656640
85900656640
85900657153
85900657152
85900656640
85900656640
108724279602332802
36103735610983554
36666685564387328
36103735610966016
108724279602332800
36103735610983552
36666685564387328
36103735610966016
36099337564472450
36099337564472450
36099337564454912
36099337564454912
36099337564472448
36099337564472448
36099337564454912
36099337564454912
72695482583368834
74938592019586
637888545423360
74938592002048
72695482583368832
74938592019584
637888545423360
74938592002048
70540545508482
70540545508482
70540545490944
70540545490944
70540545508480
70540545508480
70540545490944
70540545490944
72625113839191170
4569847841922
567519801245696
4569847824384
72625113839191168
4569847841920
567519801245696
4569847824384
171801330818
171801330818
171801313280
171801313280
171801330816
171801330816
171801313280
171801313280
72625113839191170
4569847841922
567519801245696
4569847824384
72625113839191168
4569847841920
567519801245696
4569847824384
171801330818
171801330818
171801313280
171801313280
171801330816
171801330816
171801313280
171801313280
108724279602331776
36103735610982528
108724279602332674
36103735610983426
108724279602331776
36103735610982528
108724279602332672
36103735610983424
36099337564471424
36099337564471424
36099337564472322
36099337564472322
36099337564471424
36099337564471424
36099337564472320
36099337564472320
72695482583367808
74938592018560
72695482583368706
74938592019458
72695482583367808
74938592018560
72695482583368704
74938592019456
70540545507456
70540545507456
70540545508354
70540545508354
70540545507456
70540545507456
70540545508352
70540545508352
72625113839190144
4569847840896
72625113839191042
4569847841794
72625113839190144
4569847840896
72625113839191040
4569847841792
171801329792
171801329792
171801330690
171801330690
171801329792
171801329792
171801330688
171801330688
72625113839190144
4569847840896
72625113839191042
4569847841794
72625113839190144
4569847840896
72625113839191040
4569847841792
171801329792
171801329792
171801330690
171801330690
171801329792
171801329792
171801330688
171801330688
36666685564404866
36103735610983554
108724279602331648
36103735610982400
36666685564404864
36103735610983552
108724279602331648
36103735610982400
36099337564472450
36099337564472450
36099337564471296
36099337564471296
36099337564472448
36099337564472448
36099337564471296
36099337564471296
637888545440898
74938592019586
72695482583367680
74938592018432
637888545440896
74938592019584
72695482583367680
74938592018432
70540545508482
70540545508482
70540545507328
70540545507328
70540545508480
70540545508480
70540545507328
70540545507328
567519801263234
4569847841922
72625113839190016
4569847840768
567519801263232
4569847841920
72625113839190016
4569847840768
171801330818
171801330818
171801329664
171801329664
171801330816
171801330816
171801329664
171801329664
567519801263234
4569847841922
72625113839190016
4569847840768
567519801263232
4569847841920
72625113839190016
4569847840768
171801330818
171801330818
171801329664
171801329664
171801330816
171801330816
171801329664
171801329664
36666685564403840
36103735610982528
36666685564404738
36103735610983426
36666685564403840
36103735610982528
36666685564404736
36103735610983424
36099337564471424
36099337564471424
36099337564472322
36099337564472322
36099337564471424
36099337564471424
36099337564472320
36099337564472320
637888545439872
74938592018560
637888545440770
74938592019458
637888545439872
74938592018560
637888545440768
74938592019456
70540545507456
70540545507456
70540545508354
70540545508354
70540545507456
70540545507456
70540545508352
70540545508352
567519801262208
4569847840896
567519801263106
4569847841794
567519801262208
4569847840896
567519801263104
4569847841792
171801329792
171801329792
171801330690
171801330690
171801329792
171801329792
171801330688
171801330688
567519801262208
4569847840896
567519801263106
4569847841794
567519801262208
4569847840896
567519801263104
4569847841792
171801329792
171801329792
171801330690
171801330690
171801329792
171801329792
171801330688
171801330688
108724279602316290
36103735610967042
36666685564403712
36103735610982400
108724279602316288
36103735610967040
36666685564403712
36103735610982400
36099337564455938
36099337564455938
36099337564471296
36099337564471296
36099337564455936
36099337564455936
36099337564471296
36099337564471296
72695482583352322
74938592003074
637888545439744
74938592018432
72695482583352320
74938592003072
637888545439744
74938592018432
70540545491970
70540545491970
70540545507328
70540545507328
70540545491968
70540545491968
70540545507328
70540545507328
72625113839174658
4569847825410
567519801262080
4569847840768
72625113839174656
4569847825408
567519801262080
4569847840768
171801314306
171801314306
171801329664
171801329664
171801314304
171801314304
171801329664
171801329664
72625113839174658
4569847825410
567519801262080
4569847840768
72625113839174656
4569847825408
567519801262080
4569847840768
171801314306
171801314306
171801329664
171801329664
171801314304
171801314304
171801329664
171801329664
108724279602315264
36103735610966016
108724279602316290
36103735610967042
108724279602315264
36103735610966016
108724279602316288
36103735610967040
36099337564454912
36099337564454912
36099337564455938
36099337564455938
36099337564454912
36099337564454912
36099337564455936
36099337564455936
72695482583351296
74938592002048
72695482583352322
74938592003074
72695482583351296
74938592002048
72695482583352320
74938592003072
70540545490944
70540545490944
70540545491970
70540545491970
70540545490944
70540545490944
70540545491968
70540545491968
72625113839173632
4569847824384
72625113839174658
4569847825410
72625113839173632
4569847824384
72625113839174656
4569847825408
171801313280
171801313280
171801314306
171801314306
171801313280
171801313280
171801314304
171801314304
72625113839173632
4569847824384
72625113839174658
4569847825410
72625113839173632
4569847824384
72625113839174656
4569847825408
171801313280
171801313280
171801314306
171801314306
171801313280
171801313280
171801314304
171801314304
36666685564388354
36103735610967042
108724279602315264
36103735610966016
36666685564388352
36103735610967040
108724279602315264
36103735610966016
36099337564455938
36099337564455938
36099337564454912
36099337564454912
36099337564455936
36099337564455936
36099337564454912
36099337564454912
637888545424386
74938592003074
72695482583351296
74938592002048
637888545424384
74938592003072
72695482583351296
74938592002048
70540545491970
70540545491970
70540545490944
70540545490944
70540545491968
70540545491968
70540545490944
70540545490944
567519801246722
4569847825410
72625113839173632
4569847824384
567519801246720
4569847825408
72625113839173632
4569847824384
171801314306
171801314306
171801313280
171801313280
171801314304
171801314304
171801313280
171801313280
567519801246722
4569847825410
72625113839173632
4569847824384
567519801246720
4569847825408
72625113839173632
4569847824384
171801314306
171801314306
171801313280
171801313280
171801314304
171801314304
171801313280
171801313280
36666685564387328
36103735610966016
36666685564388354
36103735610967042
36666685564387328
36103735610966016
36666685564388352
36103735610967040
36099337564454912
36099337564454912
36099337564455938
36099337564455938
36099337564454912
36099337564454912
36099337564455936
36099337564455936
637888545423360
74938592002048
637888545424386
74938592003074
637888545423360
74938592002048
637888545424384
74938592003072
70540545490944
70540545490944
70540545491970
70540545491970
70540545490944
70540545490944
70540545491968
70540545491968
567519801245696
4569847824384
567519801246722
4569847825410
567519801245696
4569847824384
567519801246720
4569847825408
171801313280
171801313280
171801314306
171801314306
171801313280
171801313280
171801314304
171801314304
567519801245696
4569847824384
567519801246722
4569847825410
567519801245696
4569847824384
567519801246720
4569847825408
171801313280
171801313280
171801314306
171801314306
171801313280
171801313280
171801314304
171801314304
145390965166737412
145390965166737408
145390965166735360
145390965166735360
149877184038916
149877184038912
149877184036864
149877184036864
145390965166704644
145390965166704640
145390965166702592
145390965166702592
149877184006148
149877184006144
149877184004096
149877184004096
141081091016708
141081091016704
141081091014656
141081091014656
141081091016708
141081091016704
141081091014656
141081091014656
141081090983940
141081090983936
141081090981888
141081090981888
141081090983940
141081090983936
141081090981888
141081090981888
1275777090881540
1275777090881536
1275777090879488
1275777090879488
149877184038916
149877184038912
149877184036864
149877184036864
1275777090848772
1275777090848768
1275777090846720
1275777090846720
149877184006148
149877184006144
149877184004096
149877184004096
141081091016708
141081091016704
141081091014656
141081091014656
141081091016708
141081091016704
141081091014656
141081091014656
141081090983940
141081090983936
141081090981888
141081090981888
141081090983940
141081090983936
141081090981888
141081090981888
145250227678382084
145250227678382080
145250227678380032
145250227678380032
9139695683588
9139695683584
9139695681536
9139695681536
145250227678349316
145250227678349312
145250227678347264
145250227678347264
9139695650820
9139695650816
9139695648768
9139695648768
343602661380
343602661376
343602659328
343602659328
343602661380
343602661376
343602659328
343602659328
343602628612
343602628608
343602626560
343602626560
343602628612
343602628608
343602626560
343602626560
1135039602526212
1135039602526208
1135039602524160
1135039602524160
9139695683588
9139695683584
9139695681536
9139695681536
1135039602493444
1135039602493440
1135039602491392
1135039602491392
9139695650820
9139695650816
9139695648768
9139695648768
343602661380
343602661376
343602659328
343602659328
343602661380
343602661376
343602659328
343602659328
343602628612
343602628608
343602626560
343602626560
343602628612
343602628608
343602626560
343602626560
290500455356698632
290500455356698624
290500455356694528
290500455356694528
687205257224
687205257216
687205253120
687205253120
18279391301640
18279391301632
18279391297536
18279391297536
687205257224
687205257216
687205253120
687205253120
2270079204986888
2270079204986880
2270079204982784
2270079204982784
687205257224
687205257216
687205253120
687205253120
18279391301640
18279391301632
18279391297536
18279391297536
687205257224
687205257216
687205253120
687205253120
580999811184992272
580999811184992256
580999811184984064
580999811184984064
274882109456
274882109440
274882101248
274882101248
35459254198288
35459254198272
35459254190080
35459254190080
274882109456
274882109440
274882101248
274882101248
4539058881568784
4539058881568768
4539058881560576
4539058881560576
274882109456
274882109440
274882101248
274882101248
35459254198288
35459254198272
35459254190080
35459254190080
274882109456
274882109440
274882101248
274882101248
577588851267340304
577588851267340288
577588851267338240
577588851267338240
577588851267076096
577588851267076096
577588851267076096
577588851267076096
2199057074192
2199057074176
2199057072128
2199057072128
2199056809984
2199056809984
2199056809984
2199056809984
1128098963916816
1128098963916800
1128098963914752
1128098963914752
1128098963652608
1128098963652608
1128098963652608
1128098963652608
2199057074192
2199057074176
2199057072128
2199057072128
2199056809984
2199056809984
2199056809984
2199056809984
1155178802063085600
1155178802063085568
1155178802063081472
1155178802063081472
1155178802062557184
1155178802062557184
1155178802062557184
1155178802062557184
5497642553376
5497642553344
5497642549248
5497642549248
5497642024960
5497642024960
5497642024960
5497642024960
2257297456238624
2257297456238592
2257297456234496
2257297456234496
2257297455710208
2257297455710208
2257297455710208
2257297455710208
5497642553376
5497642553344
5497642549248
5497642549248
5497642024960
5497642024960
5497642024960
5497642024960
2310639079102947392
2310639079102947328
2310639079102939136
2310639079102939136
4796069889187904
4796069889187840
4796069889179648
4796069889179648
2310357604126236736
2310357604126236672
2310357604126228480
2310357604126228480
4514594912477248
4514594912477184
4514594912468992
4514594912468992
2310639079101890560
2310639079101890560
2310639079101890560
2310639079101890560
4796069888131072
4796069888131072
4796069888131072
4796069888131072
2310357604125179904
2310357604125179904
2310357604125179904
2310357604125179904
4514594911420416
4514594911420416
4514594911420416
4514594911420416
292470261882944
292470261882880
292470261874688
292470261874688
292470261817408
292470261817344
292470261809152
292470261809152
10995285172288
10995285172224
10995285164032
10995285164032
10995285106752
10995285106688
10995285098496
10995285098496
292470260826112
292470260826112
292470260826112
292470260826112
292470260760576
292470260760576
292470260760576
292470260760576
10995284115456
10995284115456
10995284115456
10995284115456
10995284049920
10995284049920
10995284049920
10995284049920
4796069889253440
4796069889253376
4796069889245184
4796069889245184
2310639079102881856
2310639079102881792
2310639079102873600
2310639079102873600
4514594912542784
4514594912542720
4514594912534528
4514594912534528
2310357604126171200
2310357604126171136
2310357604126162944
2310357604126162944
4796069888196608
4796069888196608
4796069888196608
4796069888196608
2310639079101825024
2310639079101825024
2310639079101825024
2310639079101825024
4514594911485952
4514594911485952
4514594911485952
4514594911485952
2310357604125114368
2310357604125114368
2310357604125114368
2310357604125114368
292470261882944
292470261882880
292470261874688
292470261874688
292470261817408
292470261817344
292470261809152
292470261809152
10995285172288
10995285172224
10995285164032
10995285164032
10995285106752
10995285106688
10995285098496
10995285098496
292470260826112
292470260826112
292470260826112
292470260826112
292470260760576
292470260760576
292470260760576
292470260760576
10995284115456
10995284115456
10995284115456
10995284115456
10995284049920
10995284049920
10995284049920
10995284049920
4693335752243822976
4693335752243822848
4621278158205895040
4621278158205894912
4693335752243691648
4693335752243691520
4621278158205763712
4621278158205763584
4693335752243822720
4693335752243822592
4621278158205894784
4621278158205894656
4693335752243691648
4693335752243691520
4621278158205763712
4621278158205763584
4693335752241709312
4693335752241709312
4621278158203781376
4621278158203781376
4693335752241577984
4693335752241577984
4621278158203650048
4621278158203650048
4693335752241709056
4693335752241709056
4621278158203781120
4621278158203781120
4693335752241577984
4693335752241577984
4621278158203650048
4621278158203650048
81649733816435072
81649733816434944
9592139778507136
9592139778507008
81649733816303744
81649733816303616
9592139778375808
9592139778375680
81649733816434816
81649733816434688
9592139778506880
9592139778506752
81649733816303744
81649733816303616
9592139778375808
9592139778375680
81649733814321408
81649733814321408
9592139776393472
9592139776393472
81649733814190080
81649733814190080
9592139776262144
9592139776262144
81649733814321152
81649733814321152
9592139776393216
9592139776393216
81649733814190080
81649733814190080
9592139776262144
9592139776262144
4620715208252473728
4620715208252473600
4620715208252473728
4620715208252473600
4620715208252342400
4620715208252342272
4620715208252342400
4620715208252342272
4620715208252473472
4620715208252473344
4620715208252473472
4620715208252473344
4620715208252342400
4620715208252342272
4620715208252342400
4620715208252342272
4620715208250360064
4620715208250360064
4620715208250360064
4620715208250360064
4620715208250228736
4620715208250228736
4620715208250228736
4620715208250228736
4620715208250359808
4620715208250359808
4620715208250359808
4620715208250359808
4620715208250228736
4620715208250228736
4620715208250228736
4620715208250228736
9029189825085824
9029189825085696
9029189825085824
9029189825085696
9029189824954496
9029189824954368
9029189824954496
9029189824954368
9029189825085568
9029189825085440
9029189825085568
9029189825085440
9029189824954496
9029189824954368
9029189824954496
9029189824954368
9029189822972160
9029189822972160
9029189822972160
9029189822972160
9029189822840832
9029189822840832
9029189822840832
9029189822840832
9029189822971904
9029189822971904
9029189822971904
9029189822971904
9029189822840832
9029189822840832
9029189822840832
9029189822840832
4693335752243806464
4693335752243806464
4621278158205878528
4621278158205878528
4693335752243675136
4693335752243675136
4621278158205747200
4621278158205747200
4693335752243806208
4693335752243806208
4621278158205878272
4621278158205878272
4693335752243675136
4693335752243675136
4621278158205747200
4621278158205747200
4693335752241709312
4693335752241709312
4621278158203781376
4621278158203781376
4693335752241577984
4693335752241577984
4621278158203650048
4621278158203650048
4693335752241709056
4693335752241709056
4621278158203781120
4621278158203781120
4693335752241577984
4693335752241577984
4621278158203650048
4621278158203650048
81649733816418560
81649733816418560
9592139778490624
9592139778490624
81649733816287232
81649733816287232
9592139778359296
9592139778359296
81649733816418304
81649733816418304
9592139778490368
9592139778490368
81649733816287232
81649733816287232
9592139778359296
9592139778359296
81649733814321408
81649733814321408
9592139776393472
9592139776393472
81649733814190080
81649733814190080
9592139776262144
9592139776262144
81649733814321152
81649733814321152
9592139776393216
9592139776393216
81649733814190080
81649733814190080
9592139776262144
9592139776262144
4620715208252457216
4620715208252457216
4620715208252457216
4620715208252457216
4620715208252325888
4620715208252325888
4620715208252325888
4620715208252325888
4620715208252456960
4620715208252456960
4620715208252456960
4620715208252456960
4620715208252325888
4620715208252325888
4620715208252325888
4620715208252325888
4620715208250360064
4620715208250360064
4620715208250360064
4620715208250360064
4620715208250228736
4620715208250228736
4620715208250228736
4620715208250228736
4620715208250359808
4620715208250359808
4620715208250359808
4620715208250359808
4620715208250228736
4620715208250228736
4620715208250228736
4620715208250228736
9029189825069312
9029189825069312
9029189825069312
9029189825069312
9029189824937984
9029189824937984
9029189824937984
9029189824937984
9029189825069056
9029189825069056
9029189825069056
9029189825069056
9029189824937984
9029189824937984
9029189824937984
9029189824937984
9029189822972160
9029189822972160
9029189822972160
9029189822972160
9029189822840832
9029189822840832
9029189822840832
9029189822840832
9029189822971904
9029189822971904
9029189822971904
9029189822971904
9029189822840832
9029189822840832
9029189822840832
9029189822840832
72642534561694080
72642534561693952
584940523766144
584940523766016
72642534561562752
72642534561562624
584940523634816
584940523634688
72642534561693824
72642534561693696
584940523765888
584940523765760
72642534561562752
72642534561562624
584940523634816
584940523634688
72642534559580416
72642534559580416
584940521652480
584940521652480
72642534559449088
72642534559449088
584940521521152
584940521521152
72642534559580160
72642534559580160
584940521652224
584940521652224
72642534559449088
72642534559449088
584940521521152
584940521521152
72642534561694080
72642534561693952
584940523766144
584940523766016
72642534561562752
72642534561562624
584940523634816
584940523634688
72642534561693824
72642534561693696
584940523765888
584940523765760
72642534561562752
72642534561562624
584940523634816
584940523634688
72642534559580416
72642534559580416
584940521652480
584940521652480
72642534559449088
72642534559449088
584940521521152
584940521521152
72642534559580160
72642534559580160
584940521652224
584940521652224
72642534559449088
72642534559449088
584940521521152
584940521521152
21990570344832
21990570344704
21990570344832
21990570344704
21990570213504
21990570213376
21990570213504
21990570213376
21990570344576
21990570344448
21990570344576
21990570344448
21990570213504
21990570213376
21990570213504
21990570213376
21990568231168
21990568231168
21990568231168
21990568231168
21990568099840
21990568099840
21990568099840
21990568099840
21990568230912
21990568230912
21990568230912
21990568230912
21990568099840
21990568099840
21990568099840
21990568099840
21990570344832
21990570344704
21990570344832
21990570344704
21990570213504
21990570213376
21990570213504
21990570213376
21990570344576
21990570344448
21990570344576
21990570344448
21990570213504
21990570213376
21990570213504
21990570213376
21990568231168
21990568231168
21990568231168
21990568231168
21990568099840
21990568099840
21990568099840
21990568099840
21990568230912
21990568230912
21990568230912
21990568230912
21990568099840
21990568099840
21990568099840
21990568099840
72642534561677568
72642534561677568
584940523749632
584940523749632
72642534561546240
72642534561546240
584940523618304
584940523618304
72642534561677312
72642534561677312
584940523749376
584940523749376
72642534561546240
72642534561546240
584940523618304
584940523618304
72642534559580416
72642534559580416
584940521652480
584940521652480
72642534559449088
72642534559449088
584940521521152
584940521521152
72642534559580160
72642534559580160
584940521652224
584940521652224
72642534559449088
72642534559449088
584940521521152
584940521521152
72642534561677568
72642534561677568
584940523749632
584940523749632
72642534561546240
72642534561546240
584940523618304
584940523618304
72642534561677312
72642534561677312
584940523749376
584940523749376
72642534561546240
72642534561546240
584940523618304
584940523618304
72642534559580416
72642534559580416
584940521652480
584940521652480
72642534559449088
72642534559449088
584940521521152
584940521521152
72642534559580160
72642534559580160
584940521652224
584940521652224
72642534559449088
72642534559449088
584940521521152
584940521521152
21990570328320
21990570328320
21990570328320
21990570328320
21990570196992
21990570196992
21990570196992
21990570196992
21990570328064
21990570328064
21990570328064
21990570328064
21990570196992
21990570196992
21990570196992
21990570196992
21990568231168
21990568231168
21990568231168
21990568231168
21990568099840
21990568099840
21990568099840
21990568099840
21990568230912
21990568230912
21990568230912
21990568230912
21990568099840
21990568099840
21990568099840
21990568099840
21990570328320
21990570328320
21990570328320
21990570328320
21990570196992
21990570196992
21990570196992
21990570196992
21990570328064
21990570328064
21990570328064
21990570328064
21990570196992
21990570196992
21990570196992
21990570196992
21990568231168
21990568231168
21990568231168
21990568231168
21990568099840
21990568099840
21990568099840
21990568099840
21990568230912
21990568230912
21990568230912
21990568230912
21990568099840
21990568099840
21990568099840
21990568099840
9386671504487645697
9386671504487645696
9386671504487645184
9386671504487645184
9386671504487383040
9386671504487383040
9386671504487383040
9386671504487383040
9242556316411789825
9242556316411789824
9242556316411789312
9242556316411789312
9242556316411527168
9242556316411527168
9242556316411527168
9242556316411527168
9386671504483418625
9386671504483418624
9386671504483418112
9386671504483418112
9386671504483155968
9386671504483155968
9386671504483155968
9386671504483155968
9242556316407562753
9242556316407562752
9242556316407562240
9242556316407562240
9242556316407300096
9242556316407300096
9242556316407300096
9242556316407300096
9386671504487612929
9386671504487612928
9386671504487612416
9386671504487612416
9386671504487350272
9386671504487350272
9386671504487350272
9386671504487350272
9242556316411757057
9242556316411757056
9242556316411756544
9242556316411756544
9242556316411494400
9242556316411494400
9242556316411494400
9242556316411494400
9386671504483418625
9386671504483418624
9386671504483418112
9386671504483418112
9386671504483155968
9386671504483155968
9386671504483155968
9386671504483155968
9242556316407562753
9242556316407562752
9242556316407562240
9242556316407562240
9242556316407300096
9242556316407300096
9242556316407300096
9242556316407300096
9241430416504947201
9241430416504947200
9241430416504946688
9241430416504946688
9241430416504684544
9241430416504684544
9241430416504684544
9241430416504684544
9241430416504947201
9241430416504947200
9241430416504946688
9241430416504946688
9241430416504684544
9241430416504684544
9241430416504684544
9241430416504684544
9241430416500720129
9241430416500720128
9241430416500719616
9241430416500719616
9241430416500457472
9241430416500457472
9241430416500457472
9241430416500457472
9241430416500720129
9241430416500720128
9241430416500719616
9241430416500719616
9241430416500457472
9241430416500457472
9241430416500457472
9241430416500457472
9241430416504914433
9241430416504914432
9241430416504913920
9241430416504913920
9241430416504651776
9241430416504651776
9241430416504651776
9241430416504651776
9241430416504914433
9241430416504914432
9241430416504913920
9241430416504913920
9241430416504651776
9241430416504651776
9241430416504651776
9241430416504651776
9241430416500720129
9241430416500720128
9241430416500719616
9241430416500719616
9241430416500457472
9241430416500457472
9241430416500457472
9241430416500457472
9241430416500720129
9241430416500720128
9241430416500719616
9241430416500719616
9241430416500457472
9241430416500457472
9241430416500457472
9241430416500457472
163299467632869889
163299467632869888
163299467632869376
163299467632869376
163299467632607232
163299467632607232
163299467632607232
163299467632607232
19184279557014017
19184279557014016
19184279557013504
19184279557013504
19184279556751360
19184279556751360
19184279556751360
19184279556751360
163299467628642817
163299467628642816
163299467628642304
163299467628642304
163299467628380160
163299467628380160
163299467628380160
163299467628380160
19184279552786945
19184279552786944
19184279552786432
19184279552786432
19184279552524288
19184279552524288
19184279552524288
19184279552524288
163299467632837121
163299467632837120
163299467632836608
163299467632836608
163299467632574464
163299467632574464
163299467632574464
163299467632574464
19184279556981249
19184279556981248
19184279556980736
19184279556980736
19184279556718592
19184279556718592
19184279556718592
19184279556718592
163299467628642817
163299467628642816
163299467628642304
163299467628642304
163299467628380160
163299467628380160
163299467628380160
163299467628380160
19184279552786945
19184279552786944
19184279552786432
19184279552786432
19184279552524288
19184279552524288
19184279552524288
19184279552524288
18058379650171393
18058379650171392
18058379650170880
18058379650170880
18058379649908736
18058379649908736
18058379649908736
18058379649908736
18058379650171393
18058379650171392
18058379650170880
18058379650170880
18058379649908736
18058379649908736
18058379649908736
18058379649908736
18058379645944321
18058379645944320
18058379645943808
18058379645943808
18058379645681664
18058379645681664
18058379645681664
18058379645681664
18058379645944321
18058379645944320
18058379645943808
18058379645943808
18058379645681664
18058379645681664
18058379645681664
18058379645681664
18058379650138625
18058379650138624
18058379650138112
18058379650138112
18058379649875968
18058379649875968
18058379649875968
18058379649875968
18058379650138625
18058379650138624
18058379650138112
18058379650138112
18058379649875968
18058379649875968
18058379649875968
18058379649875968
18058379645944321
18058379645944320
18058379645943808
18058379645943808
18058379645681664
18058379645681664
18058379645681664
18058379645681664
18058379645944321
18058379645944320
18058379645943808
18058379645943808
18058379645681664
18058379645681664
18058379645681664
18058379645681664
145285069123387905
145285069123387904
145285069123387392
145285069123387392
145285069123125248
145285069123125248
145285069123125248
145285069123125248
1169881047532033
1169881047532032
1169881047531520
1169881047531520
1169881047269376
1169881047269376
1169881047269376
1169881047269376
145285069119160833
145285069119160832
145285069119160320
145285069119160320
145285069118898176
145285069118898176
145285069118898176
145285069118898176
1169881043304961
1169881043304960
1169881043304448
1169881043304448
1169881043042304
1169881043042304
1169881043042304
1169881043042304
145285069123355137
145285069123355136
145285069123354624
145285069123354624
145285069123092480
145285069123092480
145285069123092480
145285069123092480
1169881047499265
1169881047499264
1169881047498752
1169881047498752
1169881047236608
1169881047236608
1169881047236608
1169881047236608
145285069119160833
145285069119160832
145285069119160320
145285069119160320
145285069118898176
145285069118898176
145285069118898176
145285069118898176
1169881043304961
1169881043304960
1169881043304448
1169881043304448
1169881043042304
1169881043042304
1169881043042304
1169881043042304
43981140689409
43981140689408
43981140688896
43981140688896
43981140426752
43981140426752
43981140426752
43981140426752
43981140689409
43981140689408
43981140688896
43981140688896
43981140426752
43981140426752
43981140426752
43981140426752
43981136462337
43981136462336
43981136461824
43981136461824
43981136199680
43981136199680
43981136199680
43981136199680
43981136462337
43981136462336
43981136461824
43981136461824
43981136199680
43981136199680
43981136199680
43981136199680
43981140656641
43981140656640
43981140656128
43981140656128
43981140393984
43981140393984
43981140393984
43981140393984
43981140656641
43981140656640
43981140656128
43981140656128
43981140393984
43981140393984
43981140393984
43981140393984
43981136462337
43981136462336
43981136461824
43981136461824
43981136199680
43981136199680
43981136199680
43981136199680
43981136462337
43981136462336
43981136461824
43981136461824
43981136199680
43981136199680
43981136199680
43981136199680
145285069123387905
145285069123387904
145285069123387392
145285069123387392
145285069123125248
145285069123125248
145285069123125248
145285069123125248
1169881047532033
1169881047532032
1169881047531520
1169881047531520
1169881047269376
1169881047269376
1169881047269376
1169881047269376
145285069119160833
145285069119160832
145285069119160320
145285069119160320
145285069118898176
145285069118898176
145285069118898176
145285069118898176
1169881043304961
1169881043304960
1169881043304448
1169881043304448
1169881043042304
1169881043042304
1169881043042304
1169881043042304
145285069123355137
145285069123355136
145285069123354624
145285069123354624
145285069123092480
145285069123092480
145285069123092480
145285069123092480
1169881047499265
1169881047499264
1169881047498752
1169881047498752
1169881047236608
1169881047236608
1169881047236608
1169881047236608
145285069119160833
145285069119160832
145285069119160320
145285069119160320
145285069118898176
145285069118898176
145285069118898176
145285069118898176
1169881043304961
1169881043304960
1169881043304448
1169881043304448
1169881043042304
1169881043042304
1169881043042304
1169881043042304
43981140689409
43981140689408
43981140688896
43981140688896
43981140426752
43981140426752
43981140426752
43981140426752
43981140689409
43981140689408
43981140688896
43981140688896
43981140426752
43981140426752
43981140426752
43981140426752
43981136462337
43981136462336
43981136461824
43981136461824
43981136199680
43981136199680
43981136199680
43981136199680
43981136462337
43981136462336
43981136461824
43981136461824
43981136199680
43981136199680
43981136199680
43981136199680
43981140656641
43981140656640
43981140656128
43981140656128
43981140393984
43981140393984
43981140393984
43981140393984
43981140656641
43981140656640
43981140656128
43981140656128
43981140393984
43981140393984
43981140393984
43981140393984
43981136462337
43981136462336
43981136461824
43981136461824
43981136199680
43981136199680
43981136199680
43981136199680
43981136462337
43981136462336
43981136461824
43981136461824
43981136199680
43981136199680
43981136199680
43981136199680
326598935265674242
326598935265674240
326598935265673216
326598935265673216
38368559113962498
38368559113962496
38368559113961472
38368559113961472
326598935265148928
326598935265148928
326598935265148928
326598935265148928
38368559113437184
38368559113437184
38368559113437184
38368559113437184
36116759300277250
36116759300277248
36116759300276224
36116759300276224
36116759300277250
36116759300277248
36116759300276224
36116759300276224
36116759299751936
36116759299751936
36116759299751936
36116759299751936
36116759299751936
36116759299751936
36116759299751936
36116759299751936
326598935257285634
326598935257285632
326598935257284608
326598935257284608
38368559105573890
38368559105573888
38368559105572864
38368559105572864
326598935256760320
326598935256760320
326598935256760320
326598935256760320
38368559105048576
38368559105048576
38368559105048576
38368559105048576
36116759291888642
36116759291888640
36116759291887616
36116759291887616
36116759291888642
36116759291888640
36116759291887616
36116759291887616
36116759291363328
36116759291363328
36116759291363328
36116759291363328
36116759291363328
36116759291363328
36116759291363328
36116759291363328
290570138246710274
290570138246710272
290570138246709248
290570138246709248
2339762094998530
2339762094998528
2339762094997504
2339762094997504
290570138246184960
290570138246184960
290570138246184960
290570138246184960
2339762094473216
2339762094473216
2339762094473216
2339762094473216
87962281313282
87962281313280
87962281312256
87962281312256
87962281313282
87962281313280
87962281312256
87962281312256
87962280787968
87962280787968
87962280787968
87962280787968
87962280787968
87962280787968
87962280787968
87962280787968
290570138238321666
290570138238321664
290570138238320640
290570138238320640
2339762086609922
2339762086609920
2339762086608896
2339762086608896
290570138237796352
290570138237796352
290570138237796352
290570138237796352
2339762086084608
2339762086084608
2339762086084608
2339762086084608
87962272924674
87962272924672
87962272923648
87962272923648
87962272924674
87962272924672
87962272923648
87962272923648
87962272399360
87962272399360
87962272399360
87962272399360
87962272399360
87962272399360
87962272399360
87962272399360
581140276476643332
581140276476643328
581140276476641280
581140276476641280
581140276475592704
581140276475592704
581140276475592704
581140276475592704
175924545849348
175924545849344
175924545847296
175924545847296
175924544798720
175924544798720
175924544798720
175924544798720
4679524173219844
4679524173219840
4679524173217792
4679524173217792
4679524172169216
4679524172169216
4679524172169216
4679524172169216
175924545849348
175924545849344
175924545847296
175924545847296
175924544798720
175924544798720
175924544798720
175924544798720
1161999073681608712
1161999073681608704
1161999073681604608
1161999073681604608
1161999073679507456
1161999073679507456
1161999073679507456
1161999073679507456
70369820020744
70369820020736
70369820016640
70369820016640
70369817919488
70369817919488
70369817919488
70369817919488
9077569074761736
9077569074761728
9077569074757632
9077569074757632
9077569072660480
9077569072660480
9077569072660480
9077569072660480
70369820020744
70369820020736
70369820016640
70369820016640
70369817919488
70369817919488
70369817919488
70369817919488
288793334762704928
288793334762704896
288793334762700800
288793334762700800
288793334762176512
288793334762176512
288793334762176512
288793334762176512
288793334695067648
288793334695067648
288793334695067648
288793334695067648
288793334695067648
288793334695067648
288793334695067648
288793334695067648
562958610993184
562958610993152
562958610989056
562958610989056
562958610464768
562958610464768
562958610464768
562958610464768
562958543355904
562958543355904
562958543355904
562958543355904
562958543355904
562958543355904
562958543355904
562958543355904
577868148797087808
577868148797087744
577868148797079552
577868148797079552
577868148796030976
577868148796030976
577868148796030976
577868148796030976
577868148661813248
577868148661813248
577868148661813248
577868148661813248
577868148661813248
577868148661813248
577868148661813248
577868148661813248
1407396493664320
1407396493664256
1407396493656064
1407396493656064
1407396492607488
1407396492607488
1407396492607488
1407396492607488
1407396358389760
1407396358389760
1407396358389760
1407396358389760
1407396358389760
1407396358389760
1407396358389760
1407396358389760
1227793891648880768
1227793891648880640
1227793891648864256
1227793891648864256
1227793891646767104
1227793891646767104
1227793891646767104
1227793891646767104
1227793891632103552
1227793891632103424
1227793891632087040
1227793891632087040
1227793891629989888
1227793891629989888
1227793891629989888
1227793891629989888
1155736297610952832
1155736297610952704
1155736297610936320
1155736297610936320
1155736297608839168
1155736297608839168
1155736297608839168
1155736297608839168
1155736297594175616
1155736297594175488
1155736297594159104
1155736297594159104
1155736297592061952
1155736297592061952
1155736297592061952
1155736297592061952
1227793891378331648
1227793891378331648
1227793891378331648
1227793891378331648
1227793891378331648
1227793891378331648
1227793891378331648
1227793891378331648
1227793891361554432
1227793891361554432
1227793891361554432
1227793891361554432
1227793891361554432
1227793891361554432
1227793891361554432
1227793891361554432
1155736297340403712
1155736297340403712
1155736297340403712
1155736297340403712
1155736297340403712
1155736297340403712
1155736297340403712
1155736297340403712
1155736297323626496
1155736297323626496
1155736297323626496
1155736297323626496
1155736297323626496
1155736297323626496
1155736297323626496
1155736297323626496
74872387042033792
74872387042033664
74872387042017280
74872387042017280
74872387039920128
74872387039920128
74872387039920128
74872387039920128
74872387025256576
74872387025256448
74872387025240064
74872387025240064
74872387023142912
74872387023142912
74872387023142912
74872387023142912
2814793004105856
2814793004105728
2814793004089344
2814793004089344
2814793001992192
2814793001992192
2814793001992192
2814793001992192
2814792987328640
2814792987328512
2814792987312128
2814792987312128
2814792985214976
2814792985214976
2814792985214976
2814792985214976
74872386771484672
74872386771484672
74872386771484672
74872386771484672
74872386771484672
74872386771484672
74872386771484672
74872386771484672
74872386754707456
74872386754707456
74872386754707456
74872386754707456
74872386754707456
74872386754707456
74872386754707456
74872386754707456
2814792733556736
2814792733556736
2814792733556736
2814792733556736
2814792733556736
2814792733556736
2814792733556736
2814792733556736
2814792716779520
2814792716779520
2814792716779520
2814792716779520
2814792716779520
2814792716779520
2814792716779520
2814792716779520
2455587783297826816
2455587783293599744
149744774050512896
149744774046285824
2455587783297794048
2455587783293599744
149744774050480128
149744774046285824
2455587782756728832
2455587782756728832
149744773509414912
149744773509414912
2455587782756728832
2455587782756728832
149744773509414912
149744773509414912
2311472595221970944
2311472595217743872
5629585974657024
5629585970429952
2311472595221938176
2311472595217743872
5629585974624256
5629585970429952
2311472594680872960
2311472594680872960
5629585433559040
5629585433559040
2311472594680872960
2311472594680872960
5629585433559040
5629585433559040
2455587783297761280
2455587783293534208
2455587783264206848
2455587783259979776
2455587783297728512
2455587783293534208
2455587783264174080
2455587783259979776
2455587782756663296
2455587782756663296
2455587782723108864
2455587782723108864
2455587782756663296
2455587782756663296
2455587782723108864
2455587782723108864
2311472595221905408
2311472595217678336
2311472595188350976
2311472595184123904
2311472595221872640
2311472595217678336
2311472595188318208
2311472595184123904
2311472594680807424
2311472594680807424
2311472594647252992
2311472594647252992
2311472594680807424
2311472594680807424
2311472594647252992
2311472594647252992
149744774084132864
149744774079905792
2455587783264206848
2455587783259979776
149744774084100096
149744774079905792
2455587783264174080
2455587783259979776
149744773543034880
149744773543034880
2455587782723108864
2455587782723108864
149744773543034880
149744773543034880
2455587782723108864
2455587782723108864
5629586008276992
5629586004049920
2311472595188350976
2311472595184123904
5629586008244224
5629586004049920
2311472595188318208
2311472595184123904
5629585467179008
5629585467179008
2311472594647252992
2311472594647252992
5629585467179008
5629585467179008
2311472594647252992
2311472594647252992
149744774084067328
149744774079840256
149744774050512896
149744774046285824
149744774084034560
149744774079840256
149744774050480128
149744774046285824
149744773542969344
149744773542969344
149744773509414912
149744773509414912
149744773542969344
149744773542969344
149744773509414912
149744773509414912
5629586008211456
5629586003984384
5629585974657024
5629585970429952
5629586008178688
5629586003984384
5629585974624256
5629585970429952
5629585467113472
5629585467113472
5629585433559040
5629585433559040
5629585467113472
5629585467113472
5629585433559040
5629585433559040
4911175566595588352
4911175566528348160
4911175566595457024
4911175566528348160
4911175565513457920
4911175565446217728
4911175565513326592
4911175565446217728
4911175566595588096
4911175566528348160
4911175566595457024
4911175566528348160
4911175565513457664
4911175565446217728
4911175565513326592
4911175565446217728
4622945190443876608
4622945190376636416
4622945190443745280
4622945190376636416
4622945189361746176
4622945189294505984
4622945189361614848
4622945189294505984
4622945190443876352
4622945190376636416
4622945190443745280
4622945190376636416
4622945189361745920
4622945189294505984
4622945189361614848
4622945189294505984
4911175566587199744
4911175566519959552
4911175566587068416
4911175566519959552
4911175565513457920
4911175565446217728
4911175565513326592
4911175565446217728
4911175566587199488
4911175566519959552
4911175566587068416
4911175566519959552
4911175565513457664
4911175565446217728
4911175565513326592
4911175565446217728
4622945190435488000
4622945190368247808
4622945190435356672
4622945190368247808
4622945189361746176
4622945189294505984
4622945189361614848
4622945189294505984
4622945190435487744
4622945190368247808
4622945190435356672
4622945190368247808
4622945189361745920
4622945189294505984
4622945189361614848
4622945189294505984
299489548168200448
299489548100960256
299489548168069120
299489548100960256
299489547086070016
299489547018829824
299489547085938688
299489547018829824
299489548168200192
299489548100960256
299489548168069120
299489548100960256
299489547086069760
299489547018829824
299489547085938688
299489547018829824
11259172016488704
11259171949248512
11259172016357376
11259171949248512
11259170934358272
11259170867118080
11259170934226944
11259170867118080
11259172016488448
11259171949248512
11259172016357376
11259171949248512
11259170934358016
11259170867118080
11259170934226944
11259170867118080
299489548159811840
299489548092571648
299489548159680512
299489548092571648
299489547086070016
299489547018829824
299489547085938688
299489547018829824
299489548159811584
299489548092571648
299489548159680512
299489548092571648
299489547086069760
299489547018829824
299489547085938688
299489547018829824
11259172008100096
11259171940859904
11259172007968768
11259171940859904
11259170934358272
11259170867118080
11259170934226944
11259170867118080
11259172008099840
11259171940859904
11259172007968768
11259171940859904
11259170934358016
11259170867118080
11259170934226944
11259170867118080
9822351133174399489
9822351133174399488
9822351133174398976
9822351133174398976
9822351133174136832
9822351133174136832
9822351133174136832
9822351133174136832
9822351133039919104
9822351133039919104
9822351133039919104
9822351133039919104
9822351133039919104
9822351133039919104
9822351133039919104
9822351133039919104
9245890380870976001
9245890380870976000
9245890380870975488
9245890380870975488
9245890380870713344
9245890380870713344
9245890380870713344
9245890380870713344
9245890380736495616
9245890380736495616
9245890380736495616
9245890380736495616
9245890380736495616
9245890380736495616
9245890380736495616
9245890380736495616
9822351131026915841
9822351131026915840
9822351131026915328
9822351131026915328
9822351131026653184
9822351131026653184
9822351131026653184
9822351131026653184
9822351130892435456
9822351130892435456
9822351130892435456
9822351130892435456
9822351130892435456
9822351130892435456
9822351130892435456
9822351130892435456
9245890378723492353
9245890378723492352
9245890378723491840
9245890378723491840
9245890378723229696
9245890378723229696
9245890378723229696
9245890378723229696
9245890378589011968
9245890378589011968
9245890378589011968
9245890378589011968
9245890378589011968
9245890378589011968
9245890378589011968
9245890378589011968
598979096319623681
598979096319623680
598979096319623168
598979096319623168
598979096319361024
598979096319361024
598979096319361024
598979096319361024
598979096185143296
598979096185143296
598979096185143296
598979096185143296
598979096185143296
598979096185143296
598979096185143296
598979096185143296
22518344016200193
22518344016200192
22518344016199680
22518344016199680
22518344015937536
22518344015937536
22518344015937536
22518344015937536
22518343881719808
22518343881719808
22518343881719808
22518343881719808
22518343881719808
22518343881719808
22518343881719808
22518343881719808
598979094172140033
598979094172140032
598979094172139520
598979094172139520
598979094171877376
598979094171877376
598979094171877376
598979094171877376
598979094037659648
598979094037659648
598979094037659648
598979094037659648
598979094037659648
598979094037659648
598979094037659648
598979094037659648
22518341868716545
22518341868716544
22518341868716032
22518341868716032
22518341868453888
22518341868453888
22518341868453888
22518341868453888
22518341734236160
22518341734236160
22518341734236160
22518341734236160
22518341734236160
22518341734236160
22518341734236160
22518341734236160
1197958188344280066
1197958188344280064
1197958188344279040
1197958188344279040
1197958188343754752
1197958188343754752
1197958188343754752
1197958188343754752
1197958188075319296
1197958188075319296
1197958188075319296
1197958188075319296
1197958188075319296
1197958188075319296
1197958188075319296
1197958188075319296
45036683737433090
45036683737433088
45036683737432064
45036683737432064
45036683736907776
45036683736907776
45036683736907776
45036683736907776
45036683468472320
45036683468472320
45036683468472320
45036683468472320
45036683468472320
45036683468472320
45036683468472320
45036683468472320
2323857683139004420
2323857683139004416
2323857683139002368
2323857683139002368
2323857683137953792
2323857683137953792
2323857683137953792
2323857683137953792
2323857682601082880
2323857682601082880
2323857682601082880
2323857682601082880
2323857682601082880
2323857682601082880
2323857682601082880
2323857682601082880
18014673925310468
18014673925310464
18014673925308416
18014673925308416
18014673924259840
18014673924259840
18014673924259840
18014673924259840
18014673387388928
18014673387388928
18014673387388928
18014673387388928
18014673387388928
18014673387388928
18014673387388928
18014673387388928
144117404414255168
144117404414255104
144117404414246912
144117404414246912
144117404413198336
144117404413198336
144117404413198336
144117404413198336
144117404278980608
144117404278980608
144117404278980608
144117404278980608
144117404278980608
144117404278980608
144117404278980608
144117404278980608
144117387099111424
144117387099111424
144117387099111424
144117387099111424
144117387099111424
144117387099111424
144117387099111424
144117387099111424
144117387099111424
144117387099111424
144117387099111424
144117387099111424
144117387099111424
144117387099111424
144117387099111424
144117387099111424
360293502378066048
360293502378065920
360293502378049536
360293502378049536
360293502375952384
360293502375952384
360293502375952384
360293502375952384
360293502107516928
360293502107516928
360293502107516928
360293502107516928
360293502107516928
360293502107516928
360293502107516928
360293502107516928
360293467747778560
360293467747778560
360293467747778560
360293467747778560
360293467747778560
360293467747778560
360293467747778560
360293467747778560
360293467747778560
360293467747778560
360293467747778560
360293467747778560
360293467747778560
360293467747778560
360293467747778560
360293467747778560
720587009051099136
720587009051066368
720587009046872064
720587009046872064
720587004756131840
720587004756099072
720587004751904768
720587004751904768
720587008510001152
720587008510001152
720587008510001152
720587008510001152
720587004215033856
720587004215033856
720587004215033856
720587004215033856
720586939790524416
720586939790524416
720586939790524416
720586939790524416
720586935495557120
720586935495557120
720586935495557120
720586935495557120
720586939790524416
720586939790524416
720586939790524416
720586939790524416
720586935495557120
720586935495557120
720586935495557120
720586935495557120
1441174018118909952
1441174018110521344
1441174017036779520
1441174017036779520
1441174009512198144
1441174009503809536
1441174008430067712
1441174008430067712
1441174018102132736
1441174018093744128
1441174017020002304
1441174017020002304
1441174009512198144
1441174009503809536
1441174008430067712
1441174008430067712
1441173879597826048
1441173879597826048
1441173879597826048
1441173879597826048
1441173870991114240
1441173870991114240
1441173870991114240
1441173870991114240
1441173879581048832
1441173879581048832
1441173879581048832
1441173879581048832
1441173870991114240
1441173870991114240
1441173870991114240
1441173870991114240
2882348036221108224
2882348036187488256
2882348019007619072
2882348019007619072
2882348036221042688
2882348036187488256
2882348019007619072
2882348019007619072
2882347759195717632
2882347759162097664
2882347741982228480
2882347741982228480
2882347759195652096
2882347759162097664
2882347741982228480
2882347741982228480
2882348034073624576
2882348034040004608
2882348016860135424
2882348016860135424
2882348034073559040
2882348034040004608
2882348016860135424
2882348016860135424
2882347759195717632
2882347759162097664
2882347741982228480
2882347741982228480
2882347759195652096
2882347759162097664
2882347741982228480
2882347741982228480
5764696068147249408
5764696068147249152
5764696068147118080
5764696068147118080
5764696033720270848
5764696033720270848
5764696033720270848
5764696033720270848
5764696068080009216
5764696068080009216
5764696068080009216
5764696068080009216
5764696033720270848
5764696033720270848
5764696033720270848
5764696033720270848
5764695518391435520
5764695518391435264
5764695518391304192
5764695518391304192
5764695483964456960
5764695483964456960
5764695483964456960
5764695483964456960
5764695518324195328
5764695518324195328
5764695518324195328
5764695518324195328
5764695483964456960
5764695483964456960
5764695483964456960
5764695483964456960
11529391036782871041
11529391036782871040
11529391036782870528
11529391036782870528
11529391036782608384
11529391036782608384
11529391036782608384
11529391036782608384
11529391036648390656
11529391036648390656
11529391036648390656
11529391036648390656
11529391036648390656
11529391036648390656
11529391036648390656
11529391036648390656
11529390967928913920
11529390967928913920
11529390967928913920
11529390967928913920
11529390967928913920
11529390967928913920
11529390967928913920
11529390967928913920
11529390967928913920
11529390967928913920
11529390967928913920
11529390967928913920
11529390967928913920
11529390967928913920
11529390967928913920
11529390967928913920
4611756524879479810
4611756524879479808
4611756524879478784
4611756524879478784
4611756524878954496
4611756524878954496
4611756524878954496
4611756524878954496
4611756524610519040
4611756524610519040
4611756524610519040
4611756524610519040
4611756524610519040
4611756524610519040
4611756524610519040
4611756524610519040
4611756387171565568
4611756387171565568
4611756387171565568
4611756387171565568
4611756387171565568
4611756387171565568
4611756387171565568
4611756387171565568
4611756387171565568
4611756387171565568
4611756387171565568
4611756387171565568
4611756387171565568
4611756387171565568
4611756387171565568
4611756387171565568
567382630219904
567382630219776
567382630203392
567382630203392
567382628106240
567382628106240
567382628106240
567382628106240
567382359670784
567382359670784
567382359670784
567382359670784
567382359670784
567382359670784
567382359670784
567382359670784
567347999932416
567347999932416
567347999932416
567347999932416
567347999932416
567347999932416
567347999932416
567347999932416
567347999932416
567347999932416
567347999932416
567347999932416
567347999932416
567347999932416
567347999932416
567347999932416
562949953421312
562949953421312
562949953421312
562949953421312
562949953421312
562949953421312
562949953421312
562949953421312
562949953421312
562949953421312
562949953421312
562949953421312
562949953421312
562949953421312
562949953421312
562949953421312
562949953421312
562949953421312
562949953421312
562949953421312
562949953421312
562949953421312
562949953421312
562949953421312
562949953421312
562949953421312
562949953421312
562949953421312
562949953421312
562949953421312
562949953421312
562949953421312
1416240237150208
1416240237117440
1416240232923136
1416240232923136
1416239696052224
1416239696052224
1416239696052224
1416239696052224
1416170976575488
1416170976575488
1416170976575488
1416170976575488
1416170976575488
1416170976575488
1416170976575488
1416170976575488
1407374883553280
1407374883553280
1407374883553280
1407374883553280
1407374883553280
1407374883553280
1407374883553280
1407374883553280
1407374883553280
1407374883553280
1407374883553280
1407374883553280
1407374883553280
1407374883553280
1407374883553280
1407374883553280
2833579985862656
2833579977474048
2833578903732224
2833578903732224
2832480474234880
2832480465846272
2832479392104448
2832479392104448
2833441464778752
2833441464778752
2833441464778752
2833441464778752
2832341953150976
2832341953150976
2832341953150976
2832341953150976
2815849278734336
2815849278734336
2815849278734336
2815849278734336
2814749767106560
2814749767106560
2814749767106560
2814749767106560
2815849278734336
2815849278734336
2815849278734336
2815849278734336
2814749767106560
2814749767106560
2814749767106560
2814749767106560
5667164249915392
5667162102431744
5666887224524800
5666887224524800
5664960931692544
5664958784208896
5664683906301952
5664683906301952
5667159954948096
5667157807464448
5666882929557504
5666882929557504
5664960931692544
5664958784208896
5664683906301952
5664683906301952
5631702852435968
5631702852435968
5631702852435968
5631702852435968
5629499534213120
5629499534213120
5629499534213120
5629499534213120
5631698557468672
5631698557468672
5631698557468672
5631698557468672
5629499534213120
5629499534213120
5629499534213120
5629499534213120
11334324221640704
11334315614928896
11329917568417792
11329917568417792
11334324204863488
11334315614928896
11329917568417792
11329917568417792
11263405721649152
11263397114937344
11258999068426240
11258999068426240
11263405704871936
11263397114937344
11258999068426240
11258999068426240
11333774465826816
11333765859115008
11329367812603904
11329367812603904
11333774449049600
11333765859115008
11329367812603904
11329367812603904
11263405721649152
11263397114937344
11258999068426240
11258999068426240
11263405704871936
11263397114937344
11258999068426240
11258999068426240
22667548931719168
22667548931653632
22667548898099200
22667548898099200
22658735625207808
22658735625207808
22658735625207808
22658735625207808
22667531718230016
22667531718230016
22667531718230016
22667531718230016
22658735625207808
22658735625207808
22658735625207808
22658735625207808
22526811443363840
22526811443298304
22526811409743872
22526811409743872
22517998136852480
22517998136852480
22517998136852480
22517998136852480
22526794229874688
22526794229874688
22526794229874688
22526794229874688
22517998136852480
22517998136852480
22517998136852480
22517998136852480
45053622886727936
45053622886727680
45053622886596608
45053622886596608
45053622819487744
45053622819487744
45053622819487744
45053622819487744
45053588459749376
45053588459749376
45053588459749376
45053588459749376
45053588459749376
45053588459749376
45053588459749376
45053588459749376
45035996273704960
45035996273704960
45035996273704960
45035996273704960
45035996273704960
45035996273704960
45035996273704960
45035996273704960
45035996273704960
45035996273704960
45035996273704960
45035996273704960
45035996273704960
45035996273704960
45035996273704960
45035996273704960
18049651735527937
18049651735527936
18049651735527424
18049651735527424
18049651735265280
18049651735265280
18049651735265280
18049651735265280
18049651601047552
18049651601047552
18049651601047552
18049651601047552
18049651601047552
18049651601047552
18049651601047552
18049651601047552
18049582881570816
18049582881570816
18049582881570816
18049582881570816
18049582881570816
18049582881570816
18049582881570816
18049582881570816
18049582881570816
18049582881570816
18049582881570816
18049582881570816
18049582881570816
18049582881570816
18049582881570816
18049582881570816
18014398509481984
18014398509481984
18014398509481984
18014398509481984
18014398509481984
18014398509481984
18014398509481984
18014398509481984
18014398509481984
18014398509481984
18014398509481984
18014398509481984
18014398509481984
18014398509481984
18014398509481984
18014398509481984
18014398509481984
18014398509481984
18014398509481984
18014398509481984
18014398509481984
18014398509481984
18014398509481984
18014398509481984
18014398509481984
18014398509481984
18014398509481984
18014398509481984
18014398509481984
18014398509481984
18014398509481984
18014398509481984