0080001020400080
0040001000200040
0080081000200080
0080040800100080
0080020400080080
0080010200040080
0080008001000200
0080002040800100
0000800020400080
0000400020005000
0000801000200080
0000800800100080
0000800400080080
0000800200040080
0000800100020080
0000800040800100
0000208000400080
0000404000201000
0000808010002000
0000808008001000
0000808004000800
0000808002000400
0000010100020004
0000020000408104
0000208080004000
0000200040005000
0000100080200080
0000080080100080
0000040080080080
0000020080040080
0000010080800200
0000800080004100
0000204000800080
0000200040401000
0000100080802000
0000080080801000
0000040080800800
0000020080800400
0000020001010004
0000800040800100
0000204000808000
0000200040008080
0000100020008080
0000080010008080
0000040008008080
0000020004008080
0000010002008080
0000004081020004
0000204000800080
0000200040008080
0000100020008080
0000080010008080
0000040008008080
0000020004008080
0000800100020080
0000800041000080
0000102040800101
0000102040008101
0000081020004101
0000040810002101
0001000204080011
0001000204000801
0001000082000401
0000002040810402